1.183619 80
4.102583 1
0.136366 1
0.154379 1
0.078438 1
0.982326 1
0.117044 1
0.170690 1
0.137430 8
2.319600 1
0.581545 45
1.336219 2
2.103976 40
0.000746 115
0.000471 12
0.064845 45
0.007599 1118
0.006262 1140
10.442361 85
0.000348 38
0.020623 81
0.000203 42
0.024123 173
0.000460 40
0.019412 60
0.000313 24
0.001214 44
0.214814 513
0.002957 157
0.016616 497
0.003726 155
0.027413 753
0.001045 122
0.308318 343
0.006416 174
0.011967 227
0.002995 110
0.027049 832
0.001455 161
0.008087 327
0.003449 130
1.789953 268
0.002252 93
0.016577 178
0.006308 179
0.039303 1122
0.002841 380
0.000953 120
0.009366 276
0.000429 120
0.191366 644
0.000515 122
0.021872 998
0.000523 123
0.036057 285
0.000771 126
0.173157 296
0.003453 126
0.022734 682
0.001422 123
0.018678 1075
0.001712 124
0.006508 288
0.000801 124
0.192283 288
0.002742 124
0.049747 1232
0.010411 330
0.008644 275
0.001869 143
0.174442 613
0.000707 131
0.024140 1070
0.000769 134
0.011209 296
0.000585 134
0.022351 287
0.000561 131
0.192435 422
0.022503 685
0.001387 115
0.037053 1146
0.032381 278
0.031796 115
0.142467 263
0.001037 164
0.021644 628
0.000608 140
0.027744 988
0.000555 125
0.223544 983
0.001649 167
0.015632 676
0.001052 143
0.018769 315
0.000242 93
0.207470 483
0.000118 40
0.023654 170
0.014104 48
1.672185 24
0.003987 40
0.143012 24
0.000211 45
0.145395 24
0.002714 44
0.140942 24
0.000217 40
0.124055 24
0.000315 40
0.227039 24
0.000221 40
0.104301 24
0.000211 40
0.105208 24
0.000527 40
0.102662 24
0.000485 40
0.102024 24
0.000253 40
0.125286 24
0.000634 40
0.100364 24
0.000486 41
0.393245 24
0.000613 41
0.145005 24
0.000794 40
0.493911 24
0.000578 40
0.063379 24
0.000724 40
0.058403 24
0.000275 40
0.041236 24
0.000609 40
0.061838 24
0.001432 40
0.041334 24
0.001000 40
0.059745 24
0.000618 40
0.041526 24
0.007841 65
0.034202 25
0.002087 49
0.062582 25
0.000232 42
0.042472 25
0.000476 42
0.059027 25
0.000623 42
0.041310 25
0.009307 69
0.030942 25
0.002211 54
0.061546 25
0.000518 42
0.041620 25
0.000315 42
0.061947 25
0.000219 42
0.040728 25
0.000476 43
0.060731 25
0.000226 42
0.230266 25
0.000715 42
0.272350 67
0.809740 98
0.000408 14
1.743854 75
0.172154 75
0.137060 75
0.111957 75
0.158811 75
0.473179 75
1.176032 75
0.288982 75
0.900974 76
0.176084 75
0.920915 86
0.156817 87
0.111060 86
1.669488 75
0.501623 76
0.192527 75
0.486339 75
1.026621 42
0.100686 18
0.000574 35
0.396434 56
0.525881 13
0.464323 13
1.096762 7
0.000111 8
0.000520 58
0.005991 20
0.085036 42
0.046969 80
4.390461 6
